======================================================================
 SEQUENTIAL - RECURSIVE
======================================================================
------------------------------------------------------------
Filename: ./data/2x2.txt

Temps d'execution: 0.00000280s

Solution: 
[3 2 6 7] [6 7 5 5] 
[9 7 5 4] [5 5 1 9] 
------------------------------------------------------------
------------------------------------------------------------
Filename: ./data/3x3.txt

Temps d'execution: 0.00000170s

Solution: 
[8 5 9 4] [9 1 5 9] [5 9 1 8] 
[7 4 6 1] [6 9 6 6] [6 8 3 4] 
[1 1 9 0] [9 6 0 4] [0 4 8 2] 
------------------------------------------------------------
------------------------------------------------------------
Filename: ./data/4x4.txt

Temps d'execution: 0.00007110s

Solution: 
[8 7 4 9] [4 9 5 9] [5 7 9 1] [9 2 7 0] 
[2 9 9 6] [9 9 4 2] [4 1 2 7] [2 0 2 4] 
[4 6 2 7] [2 2 3 8] [3 7 3 0] [3 4 1 5] 
[4 7 8 5] [8 8 7 4] [7 0 0 6] [0 5 1 0] 
------------------------------------------------------------
------------------------------------------------------------
Filename: ./data/5x5.txt

Temps d'execution: 0.00097530s

Solution: 
[0 7 5 4] [5 6 4 0] [4 0 2 7] [2 6 2 1] [2 1 4 2] 
[8 4 4 0] [4 0 4 7] [4 7 6 0] [6 1 5 8] [5 2 8 8] 
[1 0 0 0] [0 7 6 3] [6 0 3 2] [3 8 2 6] [2 8 1 8] 
[6 0 7 8] [7 3 0 8] [0 2 6 7] [6 6 6 4] [6 8 2 3] 
[0 8 1 2] [1 8 7 2] [7 7 0 5] [0 4 1 4] [1 3 8 1] 
------------------------------------------------------------
------------------------------------------------------------
Filename: ./data/6x6.txt

Temps d'execution: 0.03413260s

Solution: 
[8 7 6 1] [6 3 4 8] [4 0 7 7] [7 1 5 5] [5 8 1 4] [1 6 8 2] 
[2 1 1 5] [1 8 4 6] [4 7 5 1] [5 5 5 0] [5 4 3 1] [3 2 4 4] 
[0 5 8 3] [8 6 8 4] [8 1 4 6] [4 0 2 8] [2 1 8 4] [8 4 0 3] 
[0 3 7 5] [7 4 5 2] [5 6 5 1] [5 8 8 4] [8 4 6 4] [6 3 8 2] 
[1 5 6 2] [6 2 2 1] [2 1 6 7] [6 4 8 5] [8 4 8 2] [8 2 8 4] 
[3 2 1 8] [1 1 7 5] [7 7 1 4] [1 5 4 8] [4 2 4 0] [4 4 1 4] 
------------------------------------------------------------
------------------------------------------------------------
Filename: ./data/7x7.txt

Temps d'execution: 10.14773290s

Solution: 
[7 7 6 8] [6 7 0 5] [0 8 0 6] [0 5 8 5] [8 1 0 1] [0 1 3 5] [3 3 4 1] 
[3 8 3 7] [3 5 5 8] [5 6 4 8] [4 5 2 3] [2 1 5 4] [5 5 1 0] [1 1 3 7] 
[6 7 1 8] [1 8 3 8] [3 8 6 6] [6 3 2 8] [2 4 8 8] [8 0 5 5] [5 7 1 7] 
[4 8 5 5] [5 8 2 8] [2 6 6 3] [6 8 4 2] [4 8 6 3] [6 5 3 5] [3 7 0 0] 
[6 5 7 4] [7 8 7 5] [7 3 4 0] [4 2 8 4] [8 3 2 7] [2 5 8 7] [8 0 1 7] 
[3 4 3 6] [3 5 3 6] [3 0 7 5] [7 4 0 7] [0 7 3 4] [3 7 3 7] [3 7 3 3] 
[8 6 7 4] [7 6 0 5] [0 5 4 0] [4 7 2 7] [2 4 7 5] [7 7 1 4] [1 3 5 5] 
------------------------------------------------------------
